#PATH-POINTS-START Path
168.611,64.412,120,0
166.612,64.368,120
164.612,64.324,120
162.613,64.28,120
160.613,64.236,120
158.614,64.192,120
156.614,64.148,120
154.615,64.104,120
152.615,64.06,120
150.616,64.016,120
148.616,63.972,120
146.617,63.928,120
144.617,63.885,120
142.618,63.841,120
140.618,63.797,120
138.619,63.753,120
136.619,63.709,120
134.62,63.665,120
132.62,63.621,120
130.621,63.577,120
128.621,63.533,120
126.622,63.489,120
124.622,63.445,120
122.623,63.401,120
120.623,63.357,120
118.624,63.313,120
116.624,63.269,120
114.625,63.225,120
112.625,63.181,120
110.625,63.137,120
108.626,63.094,120
106.626,63.05,120
104.627,63.006,120
102.627,62.962,120
100.628,62.918,120
98.628,62.874,120
96.629,62.83,120
94.629,62.786,120
92.63,62.742,120
90.63,62.698,120
88.631,62.654,120
86.631,62.61,120
84.632,62.566,120
82.632,62.522,120
80.633,62.478,120
78.633,62.434,120
76.634,62.39,120
74.634,62.346,120
72.635,62.303,120
70.635,62.259,120
68.636,62.215,120
66.636,62.171,120
64.637,62.127,120
62.637,62.083,120
60.638,62.039,120
58.645,62.011,120,0
57.222,63.417,120
55.799,64.822,120
54.376,66.228,120
52.954,67.634,120
51.531,69.039,120
50.108,70.445,120
48.685,71.851,120
47.262,73.256,120
45.84,74.662,120
44.417,76.067,120
42.994,77.473,120
41.571,78.879,120
40.149,80.284,120
38.726,81.69,120
37.303,83.095,120
35.88,84.501,120
34.458,85.907,120
33.035,87.312,120
31.612,88.718,120
30.189,90.124,120
28.767,91.529,120
27.344,92.935,120
25.921,94.34,120
24.498,95.746,120
23.076,97.152,120
21.653,98.557,120
20.23,99.963,120
18.807,101.369,120
17.385,102.774,120
15.962,104.18,120
14.539,105.585,120
13.116,106.991,120
11.694,108.397,120
10.271,109.802,120
8.848,111.208,120,0
8.682,113.061,120
8.895,115.05,120
9.108,117.039,120
9.321,119.027,120
9.534,121.016,120
9.747,123.004,120
9.96,124.993,120
10.173,126.982,120
10.845,128.348,120,0
12.807,127.96,120
14.769,127.573,120
16.731,127.185,120
18.693,126.797,120
20.655,126.41,120
22.617,126.022,120
24.579,125.635,120
26.541,125.247,120
28.503,124.86,120
30.465,124.472,120
32.428,124.084,120
34.39,123.697,120
36.352,123.309,120
38.314,122.922,120
40.276,122.534,120
42.238,122.147,120
44.2,121.759,120
46.162,121.371,120
48.124,120.984,120
50.086,120.596,120
52.048,120.209,120
54.011,119.821,120
55.973,119.433,120
57.935,119.046,120
59.559,118.21,120,0
60.471,116.43,120
61.384,114.65,120
62.296,112.871,120
63.208,111.091,120
64.121,109.311,120
65.033,107.532,120
65.946,105.752,120
66.858,103.972,120
67.771,102.192,120
68.683,100.413,120
69.596,98.633,120
70.508,96.853,120
71.421,95.073,120
72.333,93.294,120
73.245,91.514,120
74.158,89.734,120
75.07,87.954,120
75.983,86.175,120
76.895,84.395,120
77.808,82.615,120
78.72,80.836,120
79.633,79.056,120
80.545,77.276,120
81.457,75.496,120
82.37,73.717,120
83.282,71.937,120
84.195,70.157,120
85.107,68.377,120
86.02,66.598,120
86.932,64.818,120
87.845,63.038,120
88.757,61.259,120
89.67,59.479,120
90.582,57.699,120
91.494,55.919,120
92.407,54.14,120
93.319,52.36,120
94.232,50.58,120
95.144,48.8,120
96.057,47.021,120
96.969,45.241,120
97.882,43.461,120
98.794,41.682,120
99.706,39.902,120
100.619,38.122,120
101.531,36.342,120
102.444,34.563,120
103.356,32.783,120
104.269,31.003,120
105.181,29.223,120
106.094,27.444,120
107.006,25.664,120
107.919,23.884,120
108.831,22.105,120
109.743,20.325,120
110.656,18.545,120
111.568,16.765,120
112.481,14.986,120
113.393,13.206,120
114.306,11.426,120
115.218,9.646,120
116.131,7.867,120
117.043,6.087,120
117.955,4.307,120
118.868,2.527,120
119.78,0.748,120,0
119.877,-1.035,120
118.979,-2.822,120
118.081,-4.609,120
117.183,-6.396,120
116.284,-8.183,120
115.386,-9.971,120
114.488,-11.758,120
113.59,-13.545,120
112.692,-15.332,120
111.794,-17.119,120
110.896,-18.906,120
109.998,-20.693,120
109.1,-22.48,120
108.202,-24.267,120
107.304,-26.054,120
106.406,-27.841,120
105.508,-29.628,120
104.61,-31.415,120
103.712,-33.202,120
102.814,-34.989,120
101.916,-36.776,120
101.018,-38.563,120
100.12,-40.35,120
99.222,-42.138,120
98.324,-43.925,120
97.426,-45.712,120
96.528,-47.499,120
95.63,-49.286,120
94.732,-51.073,120
93.834,-52.86,120
92.936,-54.647,120
92.038,-56.434,120
91.14,-58.221,120
90.242,-60.008,120
89.344,-61.795,120
88.446,-63.582,120
87.548,-65.369,120
86.65,-67.156,120
85.752,-68.943,120
84.854,-70.73,120
83.956,-72.517,120
83.058,-74.305,120
82.16,-76.092,120
81.262,-77.879,120
80.364,-79.666,120
79.466,-81.453,120
78.568,-83.24,120
77.67,-85.027,120
76.772,-86.814,120
75.874,-88.601,120
74.976,-90.388,120
74.078,-92.175,120
73.18,-93.962,120
72.282,-95.749,120
71.384,-97.536,120
70.486,-99.323,120
69.588,-101.11,120
68.69,-102.897,120
67.792,-104.684,120
66.894,-106.471,120
65.996,-108.259,120
65.097,-110.046,120
64.199,-111.833,120
63.301,-113.62,120
62.403,-115.407,120
61.505,-117.194,120
60.607,-118.981,120
59.834,-120.804,120,0
59.659,-122.796,120
59.553,-124.793,120
59.538,-126.793,120
59.612,-128.791,120
59.804,-130.782,120
60.117,-132.756,120
60.569,-134.704,120
61.18,-136.608,120
61.963,-138.447,120
62.928,-140.198,120
64.073,-141.837,120
65.385,-143.345,120
66.848,-144.707,120
68.437,-145.92,120
70.127,-146.987,120
71.897,-147.918,120
73.727,-148.724,120
75.601,-149.421,120
77.508,-150.023,120
79.439,-150.543,120
81.387,-150.993,120
83.35,-151.38,120
85.321,-151.716,120
87.299,-152.011,120
89.283,-152.265,120
91.27,-152.49,120
93.26,-152.689,120
95.252,-152.866,120
97.246,-153.026,120
99.241,-153.172,120
101.236,-153.308,120
103.232,-153.437,120
105.228,-153.56,120
107.224,-153.682,120
109.221,-153.805,120
111.217,-153.93,120
113.212,-154.06,120
115.208,-154.196,120
117.202,-154.342,120
119.196,-154.498,120
121.189,-154.666,120
123.181,-154.85,120
125.171,-155.049,120
127.159,-155.264,120
129.145,-155.501,120
131.129,-155.758,120
133.109,-156.037,120
135.086,-156.34,120
137.058,-156.671,120
139.026,-157.029,120
140.988,-157.416,120
142.944,-157.832,120
144.893,-158.283,120
146.833,-158.768,120
148.765,-159.286,120
150.686,-159.84,120
152.595,-160.437,120
154.492,-161.072,120
156.375,-161.746,120
158.243,-162.46,120
160.092,-163.221,120
161.923,-164.027,120
163.734,-164.875,120
165.523,-165.768,120
167.29,-166.706,120
169.028,-167.694,120,0
170.748,-168.715,120
172.477,-169.721,120
174.234,-170.676,120
176.029,-171.557,120
177.877,-172.319,120
179.805,-172.84,120
181.752,-172.642,120
182.506,-170.903,120
182.14,-168.943,120
181.449,-167.068,120
180.609,-165.253,120
179.685,-163.48,120
178.704,-161.737,120
177.68,-160.019,120
176.626,-158.32,120
175.547,-156.635,120
174.447,-154.965,120
173.33,-153.306,120
172.198,-151.657,120
171.054,-150.017,120
169.899,-148.384,120
168.735,-146.758,120
167.561,-145.138,120
166.381,-143.524,120
165.193,-141.915,120
163.999,-140.31,120
162.799,-138.71,120
161.594,-137.115,120
160.383,-135.522,120
159.169,-133.933,120
157.95,-132.347,120
156.728,-130.764,120
155.501,-129.185,120
154.272,-127.607,120
153.039,-126.032,120
151.804,-124.459,120
150.565,-122.889,120
149.324,-121.321,120
148.08,-119.755,120
146.835,-118.19,120
145.586,-116.627,120
144.336,-115.066,120
143.084,-113.506,120
141.83,-111.949,120
140.574,-110.392,120
139.317,-108.837,120
138.057,-107.283,120
136.796,-105.731,120
135.534,-104.179,120
134.271,-102.629,120
133.006,-101.08,120
131.74,-99.531,120
130.472,-97.984,120
129.204,-96.438,120
127.934,-94.892,120
126.664,-93.348,120
125.392,-91.805,120
124.119,-90.262,120
122.846,-88.72,120
121.571,-87.178,120
120.296,-85.637,120
119.02,-84.097,120
117.744,-82.558,120
116.466,-81.019,120
115.188,-79.481,120
113.909,-77.943,120
112.63,-76.406,120
111.35,-74.869,120
110.07,-73.332,120
108.789,-71.796,120
107.507,-70.261,120
106.225,-68.726,120
104.943,-67.191,120
103.66,-65.656,120
102.377,-64.122,120
101.094,-62.588,120
99.81,-61.055,120
98.526,-59.521,120
97.242,-57.988,120
95.957,-56.455,120
94.673,-54.922,120
93.388,-53.39,120
92.103,-51.857,120
90.817,-50.325,120
89.532,-48.792,120
88.247,-47.26,120
86.961,-45.728,120
85.676,-44.195,120
84.391,-42.663,120
83.105,-41.131,120
81.82,-39.599,120
80.535,-38.066,120
79.25,-36.534,120
77.965,-35.001,120
76.68,-33.468,120
75.395,-31.935,120
74.111,-30.402,120
72.827,-28.869,120
71.543,-27.335,120
70.26,-25.802,120
68.977,-24.267,120
67.694,-22.733,120
66.412,-21.198,120
65.13,-19.663,120
63.848,-18.127,120
62.568,-16.591,120
61.288,-15.054,120
60.008,-13.517,120
58.729,-11.98,120
57.451,-10.441,120
56.174,-8.902,120
54.13,-6.436,120,0
54.13,-6.436,0,0
#PATH.JERRYIO-DATA {"appVersion":"0.8.3","format":"path.jerryio v0.1","gc":{"robotWidth":30,"robotHeight":30,"robotIsHolonomic":false,"showRobot":false,"uol":1,"pointDensity":2,"controlMagnetDistance":5,"fieldImage":{"displayName":"V5RC 2025 - High Stakes","signature":"V5RC 2025 - High Stakes","origin":{"__type":"built-in"}},"coordinateSystem":"VEX Gaming Positioning System"},"paths":[{"segments":[{"controls":[{"uid":"U8aaAmDyGu","x":168.61149312377214,"y":64.41188605108049,"lock":false,"visible":true,"heading":0,"__type":"end-point"},{"uid":"RL3bZHbULy","x":58.660609037328115,"y":61.99538310412568,"lock":false,"visible":true,"heading":0,"__type":"end-point"}],"speedProfiles":[],"lookaheadKeyframes":[],"uid":"VVWEQ9C2lS"},{"controls":[{"uid":"RL3bZHbULy","x":58.660609037328115,"y":61.99538310412568,"lock":false,"visible":true,"heading":0,"__type":"end-point"},{"uid":"jLjz5QyTHT","x":8.518172888015732,"y":111.53369351669936,"lock":false,"visible":true,"heading":0,"__type":"end-point"}],"speedProfiles":[],"lookaheadKeyframes":[],"uid":"qiTYVJMEsy"},{"controls":[{"uid":"jLjz5QyTHT","x":8.518172888015732,"y":111.53369351669936,"lock":false,"visible":true,"heading":0,"__type":"end-point"},{"uid":"RJgRDGy4f9","x":10.330550098231841,"y":128.44921414538305,"lock":false,"visible":true,"heading":0,"__type":"end-point"}],"speedProfiles":[],"lookaheadKeyframes":[],"uid":"6rkReSrHy8"},{"controls":[{"uid":"RJgRDGy4f9","x":10.330550098231841,"y":128.44921414538305,"lock":false,"visible":true,"heading":0,"__type":"end-point"},{"uid":"mH70men4Pz","x":59.26473477406682,"y":118.7832023575638,"lock":false,"visible":true,"heading":0,"__type":"end-point"}],"speedProfiles":[],"lookaheadKeyframes":[],"uid":"rNoZShdnTi"},{"controls":[{"uid":"mH70men4Pz","x":59.26473477406682,"y":118.7832023575638,"lock":false,"visible":true,"heading":0,"__type":"end-point"},{"uid":"SEnaU1YP4C","x":120.28143418467586,"y":-0.22956777996077324,"lock":false,"visible":true,"heading":0,"__type":"end-point"}],"speedProfiles":[],"lookaheadKeyframes":[],"uid":"jsuVstBqib"},{"controls":[{"uid":"SEnaU1YP4C","x":120.28143418467586,"y":-0.22956777996077324,"lock":false,"visible":true,"heading":0,"__type":"end-point"},{"uid":"5m8p8HFqct","x":59.86886051080552,"y":-120.45058939096275,"lock":false,"visible":true,"heading":0,"__type":"end-point"}],"speedProfiles":[],"lookaheadKeyframes":[],"uid":"jbdlGFcpCA"},{"controls":[{"uid":"5m8p8HFqct","x":59.86886051080552,"y":-120.45058939096275,"lock":false,"visible":true,"heading":0,"__type":"end-point"},{"uid":"S3gDlg99Gc","x":54.12966601178784,"y":-171.96668888234444,"lock":false,"visible":true,"__type":"control"},{"uid":"3Q0jV791sR","x":122.39587426326132,"y":-139.34389909845447,"lock":false,"visible":true,"__type":"control"},{"uid":"GfToQssGVs","x":170.1218074656189,"y":-168.34193446191222,"lock":false,"visible":true,"heading":0,"__type":"end-point"}],"speedProfiles":[],"lookaheadKeyframes":[],"uid":"OnmXZapGRo"},{"controls":[{"uid":"GfToQssGVs","x":170.1218074656189,"y":-168.34193446191222,"lock":false,"visible":true,"heading":0,"__type":"end-point"},{"uid":"5shV9Sy6B2","x":217.8477406679765,"y":-197.33996982536996,"lock":false,"visible":true,"__type":"control"},{"uid":"HKN8iMBYWX","x":116.65667976424365,"y":-81.95195410827752,"lock":false,"visible":true,"__type":"control"},{"uid":"z7tfkPsd0D","x":54.12966601178784,"y":-6.4362370159397155,"lock":false,"visible":true,"heading":0,"__type":"end-point"}],"speedProfiles":[],"lookaheadKeyframes":[],"uid":"OxXSWtQSpc"}],"pc":{"speedLimit":{"minLimit":{"value":0,"label":"0"},"maxLimit":{"value":600,"label":"600"},"step":1,"from":40,"to":120},"bentRateApplicableRange":{"minLimit":{"value":0,"label":"0"},"maxLimit":{"value":1,"label":"1"},"step":0.001,"from":0,"to":0.1}},"name":"Path","uid":"TOi2Ii1gCe","lock":false,"visible":true}]}